total <- 1920
vacant <- 286

(vacant * 100) / total
